M,2022/09/26 14:29:17.229,SR17856;
M,2022/09/26 14:29:17.246,VE0;
M,2022/09/26 14:29:17.569,MO0;
M,2022/09/26 14:29:17.891,UM=3;
M,2022/09/26 14:29:18.212,SR17856;
M,2022/09/26 14:29:18.534,VE0;
M,2022/09/26 14:29:18.855,MO=1;
M,2022/09/26 14:29:19.174,UM3;
M,2022/09/26 14:29:19.496,SR17808;
M,2022/09/26 14:29:19.817,TC=0.432;
M,2022/09/26 14:29:20.134,MO1;
M,2022/09/26 14:29:20.763,UM3;
M,2022/09/26 14:29:21.403,TC=0.432;
M,2022/09/26 14:29:21.414,IQ0.4027057;
M,2022/09/26 14:29:21.435,IQ0.4393153;
M,2022/09/26 14:29:21.445,IQ0.4332137;
M,2022/09/26 14:29:21.453,IQ0.4454169;
M,2022/09/26 14:29:21.462,IQ0.4332137;
M,2022/09/26 14:29:21.467,IQ0.4454169;
M,2022/09/26 14:29:21.471,IQ0.4027057;
M,2022/09/26 14:29:21.476,IQ0.4149089;
M,2022/09/26 14:29:21.481,IQ0.4271121;
M,2022/09/26 14:29:21.485,IQ0.4210105;
M,2022/09/26 14:29:21.490,IQ0.4332137;
M,2022/09/26 14:29:21.495,IQ0.4149089;
M,2022/09/26 14:29:21.500,IQ0.4088073;
M,2022/09/26 14:29:21.505,IQ0.4088073;
M,2022/09/26 14:29:21.512,IQ0.4149089;
M,2022/09/26 14:29:21.516,IQ0.4149089;
M,2022/09/26 14:29:21.520,IQ0.4149089;
M,2022/09/26 14:29:21.525,IQ0.4698233;
M,2022/09/26 14:29:21.530,IQ0.4637217;
M,2022/09/26 14:29:21.537,IQ0.4332137;
M,2022/09/26 14:29:21.543,IQ0.4332137;
M,2022/09/26 14:29:21.547,IQ0.4393153;
M,2022/09/26 14:29:21.551,IQ0.4393153;
M,2022/09/26 14:29:21.555,IQ0.4271121;
M,2022/09/26 14:29:21.560,IQ0.4393153;
M,2022/09/26 14:29:21.565,IQ0.4088073;
M,2022/09/26 14:29:21.570,IQ0.4149089;
M,2022/09/26 14:29:21.576,IQ0.4210105;
M,2022/09/26 14:29:21.581,IQ0.4271121;
M,2022/09/26 14:29:21.585,IQ0.4149089;
M,2022/09/26 14:29:21.589,IQ0.4393153;
M,2022/09/26 14:29:21.594,IQ0.4149089;
M,2022/09/26 14:29:21.599,IQ0.4088073;
M,2022/09/26 14:29:21.603,IQ0.4271121;
M,2022/09/26 14:29:21.608,IQ0.4393153;
M,2022/09/26 14:29:21.610,SR17808;
M,2022/09/26 14:29:21.616,IQ0.4210105;
S,2022/09/26 14:29:17.233,?SR17856;
S,2022/09/26 14:29:17.567,SR17856;
S,2022/09/26 14:29:17.891,SR17856;
S,2022/09/26 14:29:18.211,SR17856;
S,2022/09/26 14:29:18.533,UM=3;
S,2022/09/26 14:29:18.854,UM=3;
S,2022/09/26 14:29:19.172,VE0;
S,2022/09/26 14:29:19.493,MO=1;
S,2022/09/26 14:29:19.798,UM=39?;
S,2022/09/26 14:29:19.815,SR17808;
S,2022/09/26 14:29:20.135,?VE0;
S,2022/09/26 14:29:21.066,?MO=1;
S,2022/09/26 14:29:21.087,UM3;
S,2022/09/26 14:29:21.407,?TC=0.0;
S,2022/09/26 14:29:21.412,TC=0.0;
S,2022/09/26 14:29:21.417,TC=0.0;
S,2022/09/26 14:29:21.440,TC=0.4027057;
S,2022/09/26 14:29:21.450,TC=0.4027057;
S,2022/09/26 14:29:21.459,TC=0.4393153;
S,2022/09/26 14:29:21.465,TC=0.4332137;
S,2022/09/26 14:29:21.470,TC=0.4332137;
S,2022/09/26 14:29:21.477,TC=0.4454169;
S,2022/09/26 14:29:21.482,TC=0.4454169;
S,2022/09/26 14:29:21.486,TC=0.4332137;
S,2022/09/26 14:29:21.491,TC=0.4454169;
S,2022/09/26 14:29:21.497,TC=0.4027057;
S,2022/09/26 14:29:21.502,TC=0.4149089;
S,2022/09/26 14:29:21.509,TC=0.4271121;
S,2022/09/26 14:29:21.514,TC=0.4210105;
S,2022/09/26 14:29:21.518,TC=0.4332137;
S,2022/09/26 14:29:21.524,TC=0.4149089;
S,2022/09/26 14:29:21.528,TC=0.4149089;
S,2022/09/26 14:29:21.536,TC=0.4088073;
S,2022/09/26 14:29:21.542,TC=0.4088073;
S,2022/09/26 14:29:21.547,TC=0.4149089;
S,2022/09/26 14:29:21.552,TC=0.4149089;
S,2022/09/26 14:29:21.557,TC=0.4149089;
S,2022/09/26 14:29:21.562,TC=0.4698233;
S,2022/09/26 14:29:21.567,TC=0.4637217;
S,2022/09/26 14:29:21.572,TC=0.4637217;
S,2022/09/26 14:29:21.578,TC=0.4332137;
S,2022/09/26 14:29:21.583,TC=0.4332137;
S,2022/09/26 14:29:21.588,TC=0.4393153;
S,2022/09/26 14:29:21.593,TC=0.4393153;
S,2022/09/26 14:29:21.598,TC=0.4271121;
S,2022/09/26 14:29:21.602,TC=0.4393153;
S,2022/09/26 14:29:21.607,TC=0.4088073;
S,2022/09/26 14:29:21.612,TC=0.4088073;
S,2022/09/26 14:29:21.622,TC=0.4149089;
S,2022/09/26 14:29:21.629,TC=0.4210105;
M,2022/09/26 14:29:21.625,IQ0.4454169;
M,2022/09/26 14:29:21.634,IQ0.4271121;
M,2022/09/26 14:29:21.639,IQ0.4454169;
M,2022/09/26 14:29:21.644,IQ0.4271121;
M,2022/09/26 14:29:21.647,IQ0.4088073;
M,2022/09/26 14:29:21.650,IQ0.4271121;
M,2022/09/26 14:29:21.653,IQ0.4271121;
M,2022/09/26 14:29:21.655,IQ0.4332137;
M,2022/09/26 14:29:21.660,IQ0.4759249;
M,2022/09/26 14:29:21.663,IQ0.4271121;
M,2022/09/26 14:29:21.666,IQ0.4088073;
M,2022/09/26 14:29:21.669,IQ0.4271121;
M,2022/09/26 14:29:21.672,IQ0.4515185;
M,2022/09/26 14:29:21.679,IQ0.4332137;
M,2022/09/26 14:29:21.682,IQ0.4332137;
M,2022/09/26 14:29:21.685,IQ0.4210105;
M,2022/09/26 14:29:21.688,IQ0.4332137;
M,2022/09/26 14:29:21.693,IQ0.4149089;
M,2022/09/26 14:29:21.697,IQ0.4149089;
M,2022/09/26 14:29:21.701,IQ0.4454169;
M,2022/09/26 14:29:21.704,IQ0.4515185;
M,2022/09/26 14:29:21.705,IQ0.4454169;
M,2022/09/26 14:29:21.707,IQ0.4210105;
M,2022/09/26 14:29:21.710,IQ0.4149089;
M,2022/09/26 14:29:21.712,IQ0.4332137;
M,2022/09/26 14:29:21.713,IQ0.4271121;
M,2022/09/26 14:29:21.715,IQ0.4210105;
M,2022/09/26 14:29:21.718,IQ0.4332137;
M,2022/09/26 14:29:21.720,IQ0.4332137;
M,2022/09/26 14:29:21.721,IQ0.4027057;
M,2022/09/26 14:29:21.723,IQ0.4210105;
M,2022/09/26 14:29:21.724,IQ0.4454169;
M,2022/09/26 14:29:21.729,IQ0.4332137;
M,2022/09/26 14:29:21.731,IQ0.4210105;
M,2022/09/26 14:29:21.733,IQ0.4698233;
M,2022/09/26 14:29:21.733,IQ0.4393153;
M,2022/09/26 14:29:21.734,IQ0.4149089;
M,2022/09/26 14:29:21.736,IQ0.4271121;
M,2022/09/26 14:29:21.738,IQ0.4393153;
M,2022/09/26 14:29:21.740,IQ0.4149089;
M,2022/09/26 14:29:21.744,IQ0.3966041;
M,2022/09/26 14:29:21.746,IQ0.4332137;
M,2022/09/26 14:29:21.748,IQ0.4332137;
M,2022/09/26 14:29:21.748,IQ0.3782993;
M,2022/09/26 14:29:21.751,IQ0.4149089;
M,2022/09/26 14:29:21.752,IQ0.4149089;
M,2022/09/26 14:29:21.754,IQ0.4454169;
M,2022/09/26 14:29:21.754,SR17808;
M,2022/09/26 14:29:21.756,IQ0.4271121;
M,2022/09/26 14:29:21.761,IQ0.4271121;
S,2022/09/26 14:29:21.636,TC=0.4271121;
S,2022/09/26 14:29:21.643,TC=0.4149089;
S,2022/09/26 14:29:21.646,TC=0.4393153;
S,2022/09/26 14:29:21.649,TC=0.4149089;
S,2022/09/26 14:29:21.652,TC=0.4088073;
S,2022/09/26 14:29:21.655,TC=0.4271121;
S,2022/09/26 14:29:21.660,TC=0.4271121;
S,2022/09/26 14:29:21.664,TC=0.4393153;
S,2022/09/26 14:29:21.667,TC=0.4393153;
S,2022/09/26 14:29:21.670,TC=0.4210105;
S,2022/09/26 14:29:21.674,TC=0.4454169;
S,2022/09/26 14:29:21.680,TC=0.4454169;
S,2022/09/26 14:29:21.683,TC=0.4271121;
S,2022/09/26 14:29:21.687,TC=0.4454169;
S,2022/09/26 14:29:21.690,TC=0.4271121;
S,2022/09/26 14:29:21.696,TC=0.4088073;
S,2022/09/26 14:29:21.700,TC=0.4271121;
S,2022/09/26 14:29:21.703,TC=0.4332137;
S,2022/09/26 14:29:21.705,TC=0.4759249;
S,2022/09/26 14:29:21.707,TC=0.4271121;
S,2022/09/26 14:29:21.710,TC=0.4088073;
S,2022/09/26 14:29:21.712,TC=0.4271121;
S,2022/09/26 14:29:21.714,TC=0.4515185;
S,2022/09/26 14:29:21.716,TC=0.4332137;
S,2022/09/26 14:29:21.719,TC=0.4332137;
S,2022/09/26 14:29:21.720,TC=0.4210105;
S,2022/09/26 14:29:21.722,TC=0.4332137;
S,2022/09/26 14:29:21.724,TC=0.4149089;
S,2022/09/26 14:29:21.728,TC=0.4149089;
S,2022/09/26 14:29:21.730,TC=0.4454169;
S,2022/09/26 14:29:21.732,TC=0.4454169;
S,2022/09/26 14:29:21.733,TC=0.4210105;
S,2022/09/26 14:29:21.735,TC=0.4332137;
S,2022/09/26 14:29:21.738,TC=0.4210105;
S,2022/09/26 14:29:21.739,TC=0.4332137;
S,2022/09/26 14:29:21.741,TC=0.4027057;
S,2022/09/26 14:29:21.745,TC=0.4454169;
S,2022/09/26 14:29:21.746,TC=0.4332137;
S,2022/09/26 14:29:21.748,TC=0.4698233;
S,2022/09/26 14:29:21.749,TC=0.4149089;
S,2022/09/26 14:29:21.752,TC=0.4393153;
S,2022/09/26 14:29:21.754,TC=0.4149089;
S,2022/09/26 14:29:21.755,TC=0.4332137;
S,2022/09/26 14:29:21.758,TC=0.3782993;
S,2022/09/26 14:29:21.763,TC=0.4149089;
S,2022/09/26 14:29:21.771,TC=0.4271121;
S,2022/09/26 14:29:21.773,TC=0.4271121;
S,2022/09/26 14:29:21.793,TC=0.4271121;
S,2022/09/26 14:29:22.121,?TC=0.4210105;
S,2022/09/26 14:29:22.132,TC=0.4210105;
M,2022/09/26 14:29:21.764,IQ0.4088073;
M,2022/09/26 14:29:21.772,IQ0.4271121;
M,2022/09/26 14:29:21.792,IQ0.4210105;
M,2022/09/26 14:29:22.115,IQ0.4210105;
M,2022/09/26 14:29:22.125,IQ0.4210105;
M,2022/09/26 14:29:22.137,IQ0.4210105;
M,2022/09/26 14:29:22.146,IQ0.4149089;
M,2022/09/26 14:29:22.153,IQ0.4332137;
M,2022/09/26 14:29:22.157,IQ0.4271121;
M,2022/09/26 14:29:22.161,IQ0.4332137;
M,2022/09/26 14:29:22.165,IQ0.4271121;
M,2022/09/26 14:29:22.169,IQ0.4332137;
M,2022/09/26 14:29:22.189,IQ0.4393153;
M,2022/09/26 14:29:22.194,IQ0.4454169;
M,2022/09/26 14:29:22.198,IQ0.4515185;
M,2022/09/26 14:29:22.203,IQ0.4271121;
M,2022/09/26 14:29:22.208,IQ0.4088073;
M,2022/09/26 14:29:22.213,IQ0.4393153;
M,2022/09/26 14:29:22.217,IQ0.4088073;
M,2022/09/26 14:29:22.221,IQ0.4393153;
M,2022/09/26 14:29:22.225,IQ0.4332137;
M,2022/09/26 14:29:22.229,IQ0.3966041;
M,2022/09/26 14:29:22.233,IQ0.4088073;
M,2022/09/26 14:29:22.236,IQ0.4332137;
M,2022/09/26 14:29:22.240,IQ0.4393153;
M,2022/09/26 14:29:22.245,IQ0.4210105;
M,2022/09/26 14:29:22.250,IQ0.4149089;
M,2022/09/26 14:29:22.253,IQ0.4271121;
M,2022/09/26 14:29:22.258,IQ0.4271121;
M,2022/09/26 14:29:22.263,IQ0.3966041;
M,2022/09/26 14:29:22.267,IQ0.4210105;
M,2022/09/26 14:29:22.272,IQ0.4332137;
M,2022/09/26 14:29:22.276,IQ0.4515185;
M,2022/09/26 14:29:22.280,IQ0.4637217;
M,2022/09/26 14:29:22.283,IQ0.4088073;
M,2022/09/26 14:29:22.286,IQ0.4210105;
M,2022/09/26 14:29:22.292,IQ0.4698233;
M,2022/09/26 14:29:22.295,IQ0.4271121;
M,2022/09/26 14:29:22.299,IQ0.4332137;
M,2022/09/26 14:29:22.304,IQ0.4271121;
M,2022/09/26 14:29:22.309,IQ0.4027057;
M,2022/09/26 14:29:22.329,IQ0.4515185;
M,2022/09/26 14:29:22.334,IQ0.4393153;
M,2022/09/26 14:29:22.339,IQ0.4332137;
M,2022/09/26 14:29:22.344,IQ0.4210105;
M,2022/09/26 14:29:22.349,IQ0.4149089;
M,2022/09/26 14:29:22.353,SR17808;
M,2022/09/26 14:29:22.358,IQ0.4454169;
M,2022/09/26 14:29:22.365,IQ0.4332137;
M,2022/09/26 14:29:22.370,IQ0.4393153;
S,2022/09/26 14:29:22.143,TC=0.4210105;
S,2022/09/26 14:29:22.152,TC=0.4210105;
S,2022/09/26 14:29:22.156,TC=0.4210105;
S,2022/09/26 14:29:22.162,TC=0.4210105;
S,2022/09/26 14:29:22.166,TC=0.4210105;
S,2022/09/26 14:29:22.170,TC=0.4149089;
S,2022/09/26 14:29:22.191,TC=0.4149089;
S,2022/09/26 14:29:22.196,TC=0.4332137;
S,2022/09/26 14:29:22.201,TC=0.4271121;
S,2022/09/26 14:29:22.205,TC=0.4332137;
S,2022/09/26 14:29:22.211,TC=0.4271121;
S,2022/09/26 14:29:22.215,TC=0.4332137;
S,2022/09/26 14:29:22.219,TC=0.4393153;
S,2022/09/26 14:29:22.224,TC=0.4454169;
S,2022/09/26 14:29:22.228,TC=0.4515185;
S,2022/09/26 14:29:22.232,TC=0.4271121;
S,2022/09/26 14:29:22.237,TC=0.4271121;
S,2022/09/26 14:29:22.241,TC=0.4088073;
S,2022/09/26 14:29:22.246,TC=0.4393153;
S,2022/09/26 14:29:22.251,TC=0.4088073;
S,2022/09/26 14:29:22.255,TC=0.4393153;
S,2022/09/26 14:29:22.260,TC=0.4332137;
S,2022/09/26 14:29:22.265,TC=0.3966041;
S,2022/09/26 14:29:22.269,TC=0.4088073;
S,2022/09/26 14:29:22.275,TC=0.4332137;
S,2022/09/26 14:29:22.279,TC=0.4393153;
S,2022/09/26 14:29:22.282,TC=0.4210105;
S,2022/09/26 14:29:22.286,TC=0.4210105;
S,2022/09/26 14:29:22.291,TC=0.4149089;
S,2022/09/26 14:29:22.295,TC=0.4271121;
S,2022/09/26 14:29:22.300,TC=0.4271121;
S,2022/09/26 14:29:22.304,TC=0.4271121;
S,2022/09/26 14:29:22.310,TC=0.3966041;
S,2022/09/26 14:29:22.331,TC=0.4210105;
S,2022/09/26 14:29:22.335,TC=0.4332137;
S,2022/09/26 14:29:22.341,TC=0.4515185;
S,2022/09/26 14:29:22.347,TC=0.4637217;
S,2022/09/26 14:29:22.352,TC=0.4088073;
S,2022/09/26 14:29:22.358,TC=0.4210105;
S,2022/09/26 14:29:22.366,TC=0.4698233;
S,2022/09/26 14:29:22.373,TC=0.4271121;
S,2022/09/26 14:29:22.381,TC=0.4332137;
S,2022/09/26 14:29:22.386,TC=0.4271121;
S,2022/09/26 14:29:22.390,TC=0.4271121;
S,2022/09/26 14:29:22.397,TC=0.4027057;
S,2022/09/26 14:29:22.402,TC=0.4515185;
S,2022/09/26 14:29:22.406,TC=0.4393153;
S,2022/09/26 14:29:22.413,TC=0.4332137;
S,2022/09/26 14:29:22.418,TC=0.4210105;
S,2022/09/26 14:29:22.422,TC=0.4149089;
M,2022/09/26 14:29:22.378,IQ0.4210105;
M,2022/09/26 14:29:22.383,IQ0.4027057;
M,2022/09/26 14:29:22.388,IQ0.4149089;
M,2022/09/26 14:29:22.393,IQ0.4393153;
M,2022/09/26 14:29:22.399,IQ0.4088073;
M,2022/09/26 14:29:22.404,IQ0.4149089;
M,2022/09/26 14:29:22.410,IQ0.4210105;
M,2022/09/26 14:29:22.415,IQ0.4210105;
M,2022/09/26 14:29:22.419,IQ0.4332137;
M,2022/09/26 14:29:22.424,IQ0.4454169;
M,2022/09/26 14:29:22.431,IQ0.4088073;
M,2022/09/26 14:29:22.435,IQ0.4332137;
M,2022/09/26 14:29:22.440,IQ0.4149089;
M,2022/09/26 14:29:22.447,IQ0.4271121;
M,2022/09/26 14:29:22.451,IQ0.4271121;
M,2022/09/26 14:29:22.455,IQ0.3966041;
M,2022/09/26 14:29:22.463,IQ0.4332137;
M,2022/09/26 14:29:22.467,IQ0.4271121;
M,2022/09/26 14:29:22.472,IQ0.4454169;
M,2022/09/26 14:29:22.480,IQ0.4271121;
M,2022/09/26 14:29:22.484,IQ0.4576201;
M,2022/09/26 14:29:22.486,IQ0.4210105;
M,2022/09/26 14:29:22.489,IQ0.4515185;
M,2022/09/26 14:29:22.493,IQ0.4454169;
M,2022/09/26 14:29:22.496,IQ0.4393153;
M,2022/09/26 14:29:22.498,IQ0.4088073;
M,2022/09/26 14:29:22.501,IQ0.4149089;
M,2022/09/26 14:29:22.505,IQ0.4210105;
M,2022/09/26 14:29:22.510,IQ0.4332137;
M,2022/09/26 14:29:22.513,IQ0.4393153;
M,2022/09/26 14:29:22.515,IQ0.4393153;
M,2022/09/26 14:29:22.518,IQ0.4332137;
M,2022/09/26 14:29:22.521,IQ0.4393153;
M,2022/09/26 14:29:22.525,IQ0.4393153;
M,2022/09/26 14:29:22.529,IQ0.4454169;
M,2022/09/26 14:29:22.531,IQ0.4271121;
M,2022/09/26 14:29:22.533,IQ0.4576201;
M,2022/09/26 14:29:22.536,IQ0.4149089;
M,2022/09/26 14:29:22.539,IQ0.4088073;
M,2022/09/26 14:29:22.543,IQ0.4271121;
M,2022/09/26 14:29:22.547,IQ0.4027057;
M,2022/09/26 14:29:22.550,IQ0.4149089;
M,2022/09/26 14:29:22.552,IQ0.4332137;
M,2022/09/26 14:29:22.555,IQ0.4576201;
M,2022/09/26 14:29:22.558,IQ0.3782993;
M,2022/09/26 14:29:22.562,SR17808;
M,2022/09/26 14:29:22.564,IQ0.4332137;
M,2022/09/26 14:29:22.566,IQ0.4027057;
M,2022/09/26 14:29:22.569,IQ0.4149089;
M,2022/09/26 14:29:22.571,IQ0.4332137;
S,2022/09/26 14:29:22.430,TC=0.4149089;
S,2022/09/26 14:29:22.436,TC=0.4454169;
S,2022/09/26 14:29:22.442,TC=0.4454169;
S,2022/09/26 14:29:22.449,TC=0.4332137;
S,2022/09/26 14:29:22.453,TC=0.4393153;
S,2022/09/26 14:29:22.458,TC=0.4210105;
S,2022/09/26 14:29:22.464,TC=0.4210105;
S,2022/09/26 14:29:22.469,TC=0.4027057;
S,2022/09/26 14:29:22.476,TC=0.4149089;
S,2022/09/26 14:29:22.482,TC=0.4149089;
S,2022/09/26 14:29:22.485,TC=0.4393153;
S,2022/09/26 14:29:22.488,TC=0.4088073;
S,2022/09/26 14:29:22.492,TC=0.4149089;
S,2022/09/26 14:29:22.496,TC=0.4149089;
S,2022/09/26 14:29:22.499,TC=0.4210105;
S,2022/09/26 14:29:22.502,TC=0.4210105;
S,2022/09/26 14:29:22.506,TC=0.4332137;
S,2022/09/26 14:29:22.511,TC=0.4454169;
S,2022/09/26 14:29:22.514,TC=0.4088073;
S,2022/09/26 14:29:22.517,TC=0.4088073;
S,2022/09/26 14:29:22.520,TC=0.4332137;
S,2022/09/26 14:29:22.523,TC=0.4149089;
S,2022/09/26 14:29:22.528,TC=0.4271121;
S,2022/09/26 14:29:22.530,TC=0.4271121;
S,2022/09/26 14:29:22.533,TC=0.3966041;
S,2022/09/26 14:29:22.535,TC=0.4332137;
S,2022/09/26 14:29:22.539,TC=0.4332137;
S,2022/09/26 14:29:22.543,TC=0.4271121;
S,2022/09/26 14:29:22.548,TC=0.4454169;
S,2022/09/26 14:29:22.550,TC=0.4271121;
S,2022/09/26 14:29:22.553,TC=0.4576201;
S,2022/09/26 14:29:22.556,TC=0.4210105;
S,2022/09/26 14:29:22.560,TC=0.4515185;
S,2022/09/26 14:29:22.563,TC=0.4454169;
S,2022/09/26 14:29:22.566,TC=0.4393153;
S,2022/09/26 14:29:22.569,TC=0.4149089;
S,2022/09/26 14:29:22.573,TC=0.4210105;
S,2022/09/26 14:29:22.579,TC=0.4210105;
S,2022/09/26 14:29:22.581,TC=0.4332137;
S,2022/09/26 14:29:22.585,TC=0.4393153;
S,2022/09/26 14:29:22.588,TC=0.4332137;
S,2022/09/26 14:29:22.591,TC=0.4393153;
S,2022/09/26 14:29:22.598,TC=0.4393153;
S,2022/09/26 14:29:22.601,TC=0.4454169;
S,2022/09/26 14:29:22.604,TC=0.4576201;
S,2022/09/26 14:29:22.606,TC=0.4149089;
S,2022/09/26 14:29:22.611,TC=0.4088073;
S,2022/09/26 14:29:22.615,TC=0.4271121;
S,2022/09/26 14:29:22.617,TC=0.4027057;
S,2022/09/26 14:29:22.620,TC=0.4149089;
M,2022/09/26 14:29:22.578,IQ0.4210105;
M,2022/09/26 14:29:22.581,IQ0.4332137;
M,2022/09/26 14:29:22.584,IQ0.4332137;
M,2022/09/26 14:29:22.587,IQ0.4271121;
M,2022/09/26 14:29:22.589,IQ0.4393153;
M,2022/09/26 14:29:22.597,IQ0.4454169;
M,2022/09/26 14:29:22.600,IQ0.4454169;
M,2022/09/26 14:29:22.602,IQ0.4332137;
M,2022/09/26 14:29:22.604,IQ0.4210105;
M,2022/09/26 14:29:22.608,IQ0.4515185;
M,2022/09/26 14:29:22.612,IQ0.4515185;
M,2022/09/26 14:29:22.615,IQ0.4393153;
M,2022/09/26 14:29:22.618,IQ0.4332137;
M,2022/09/26 14:29:22.620,IQ0.4332137;
M,2022/09/26 14:29:22.625,IQ0.4271121;
M,2022/09/26 14:29:22.630,IQ0.4576201;
M,2022/09/26 14:29:22.637,IQ0.4210105;
M,2022/09/26 14:29:22.639,IQ0.4393153;
M,2022/09/26 14:29:22.643,IQ0.4149089;
M,2022/09/26 14:29:22.645,IQ0.4210105;
M,2022/09/26 14:29:22.646,IQ0.4454169;
M,2022/09/26 14:29:22.648,IQ0.4332137;
M,2022/09/26 14:29:22.649,IQ0.4332137;
M,2022/09/26 14:29:22.652,IQ0.4393153;
M,2022/09/26 14:29:22.653,IQ0.4332137;
M,2022/09/26 14:29:22.654,IQ0.4149089;
M,2022/09/26 14:29:22.661,IQ0.4088073;
M,2022/09/26 14:29:22.662,IQ0.4210105;
M,2022/09/26 14:29:22.664,IQ0.4027057;
M,2022/09/26 14:29:22.665,IQ0.4027057;
M,2022/09/26 14:29:22.667,IQ0.4332137;
M,2022/09/26 14:29:22.669,IQ0.4088073;
M,2022/09/26 14:29:22.671,IQ0.4210105;
M,2022/09/26 14:29:22.673,IQ0.4149089;
M,2022/09/26 14:29:22.678,IQ0.4149089;
M,2022/09/26 14:29:22.681,IQ0.4149089;
M,2022/09/26 14:29:22.683,IQ0.4332137;
M,2022/09/26 14:29:22.685,IQ0.4210105;
M,2022/09/26 14:29:22.686,IQ0.4454169;
M,2022/09/26 14:29:22.689,IQ0.4271121;
M,2022/09/26 14:29:22.690,IQ0.4393153;
M,2022/09/26 14:29:22.696,IQ0.4210105;
M,2022/09/26 14:29:22.697,IQ0.4027057;
M,2022/09/26 14:29:22.700,IQ0.4698233;
M,2022/09/26 14:29:22.701,SR17808;
M,2022/09/26 14:29:22.704,IQ0.3966041;
M,2022/09/26 14:29:22.706,IQ0.4332137;
M,2022/09/26 14:29:22.712,IQ0.4271121;
M,2022/09/26 14:29:22.714,IQ0.4149089;
M,2022/09/26 14:29:22.715,IQ0.4210105;
S,2022/09/26 14:29:22.627,TC=0.4576201;
S,2022/09/26 14:29:22.631,TC=0.3782993;
S,2022/09/26 14:29:22.638,TC=0.3782993;
S,2022/09/26 14:29:22.640,TC=0.4332137;
S,2022/09/26 14:29:22.644,TC=0.4027057;
S,2022/09/26 14:29:22.645,TC=0.4332137;
S,2022/09/26 14:29:22.647,TC=0.4332137;
S,2022/09/26 14:29:22.648,TC=0.4210105;
S,2022/09/26 14:29:22.651,TC=0.4332137;
S,2022/09/26 14:29:22.652,TC=0.4332137;
S,2022/09/26 14:29:22.654,TC=0.4271121;
S,2022/09/26 14:29:22.660,TC=0.4393153;
S,2022/09/26 14:29:22.662,TC=0.4454169;
S,2022/09/26 14:29:22.664,TC=0.4332137;
S,2022/09/26 14:29:22.666,TC=0.4210105;
S,2022/09/26 14:29:22.668,TC=0.4515185;
S,2022/09/26 14:29:22.670,TC=0.4515185;
S,2022/09/26 14:29:22.672,TC=0.4332137;
S,2022/09/26 14:29:22.677,TC=0.4332137;
S,2022/09/26 14:29:22.680,TC=0.4576201;
S,2022/09/26 14:29:22.683,TC=0.4210105;
S,2022/09/26 14:29:22.684,TC=0.4149089;
S,2022/09/26 14:29:22.686,TC=0.4454169;
S,2022/09/26 14:29:22.689,TC=0.4332137;
S,2022/09/26 14:29:22.690,TC=0.4393153;
S,2022/09/26 14:29:22.696,TC=0.4149089;
S,2022/09/26 14:29:22.698,TC=0.4210105;
S,2022/09/26 14:29:22.700,TC=0.4027057;
S,2022/09/26 14:29:22.703,TC=0.4332137;
S,2022/09/26 14:29:22.705,TC=0.4210105;
S,2022/09/26 14:29:22.711,TC=0.4149089;
S,2022/09/26 14:29:22.713,TC=0.4149089;
S,2022/09/26 14:29:22.715,TC=0.4332137;
S,2022/09/26 14:29:22.718,TC=0.4454169;
S,2022/09/26 14:29:22.719,TC=0.4393153;
S,2022/09/26 14:29:22.722,TC=0.4027057;
S,2022/09/26 14:29:22.723,TC=0.4698233;
S,2022/09/26 14:29:22.726,TC=0.4332137;
S,2022/09/26 14:29:22.729,TC=0.4149089;
S,2022/09/26 14:29:22.731,TC=0.4210105;
S,2022/09/26 14:29:22.733,TC=0.4210105;
S,2022/09/26 14:29:22.735,TC=0.4576201;
S,2022/09/26 14:29:22.736,TC=0.4332137;
S,2022/09/26 14:29:22.738,TC=0.4210105;
S,2022/09/26 14:29:22.744,TC=0.4088073;
S,2022/09/26 14:29:22.750,TC=0.4149089;
S,2022/09/26 14:29:22.753,TC=0.4210105;
S,2022/09/26 14:29:22.768,TC=0.4332137;
S,2022/09/26 14:29:22.771,TC=0.4210105;
S,2022/09/26 14:29:22.779,TC=0.4271121;
M,2022/09/26 14:29:22.718,IQ0.3966041;
M,2022/09/26 14:29:22.719,IQ0.4210105;
M,2022/09/26 14:29:22.722,IQ0.4088073;
M,2022/09/26 14:29:22.722,IQ0.4576201;
M,2022/09/26 14:29:22.725,IQ0.4332137;
M,2022/09/26 14:29:22.728,IQ0.4393153;
M,2022/09/26 14:29:22.731,IQ0.4210105;
M,2022/09/26 14:29:22.732,IQ0.4088073;
M,2022/09/26 14:29:22.734,IQ0.4332137;
M,2022/09/26 14:29:22.736,IQ0.4149089;
M,2022/09/26 14:29:22.738,IQ0.4454169;
M,2022/09/26 14:29:22.739,IQ0.4210105;
M,2022/09/26 14:29:22.744,IQ0.4332137;
M,2022/09/26 14:29:22.752,IQ0.4210105;
M,2022/09/26 14:29:22.755,IQ0.4210105;
M,2022/09/26 14:29:22.767,IQ0.4332137;
M,2022/09/26 14:29:22.770,IQ0.4271121;
M,2022/09/26 14:29:22.779,IQ0.4576201;
M,2022/09/26 14:29:23.094,IQ0.4332137;
M,2022/09/26 14:29:23.725,IQ0.4027057;
M,2022/09/26 14:29:23.732,IQ0.4210105;
M,2022/09/26 14:29:23.741,IQ0.4271121;
M,2022/09/26 14:29:23.747,IQ0.4454169;
M,2022/09/26 14:29:23.753,IQ0.4515185;
M,2022/09/26 14:29:23.760,IQ0.4210105;
M,2022/09/26 14:29:23.765,IQ0.4210105;
M,2022/09/26 14:29:23.770,IQ0.4271121;
M,2022/09/26 14:29:23.776,IQ0.4271121;
M,2022/09/26 14:29:23.782,IQ0.3966041;
M,2022/09/26 14:29:23.788,IQ0.4149089;
M,2022/09/26 14:29:23.793,IQ0.4393153;
M,2022/09/26 14:29:23.800,IQ0.4149089;
M,2022/09/26 14:29:23.808,IQ0.4149089;
M,2022/09/26 14:29:23.815,IQ0.4393153;
M,2022/09/26 14:29:23.820,IQ0.4332137;
M,2022/09/26 14:29:23.826,IQ0.4332137;
M,2022/09/26 14:29:23.832,IQ0.4088073;
M,2022/09/26 14:29:23.838,IQ0.4271121;
M,2022/09/26 14:29:23.843,IQ0.4332137;
M,2022/09/26 14:29:23.849,IQ0.4027057;
M,2022/09/26 14:29:23.853,IQ0.4454169;
M,2022/09/26 14:29:23.860,IQ0.4332137;
M,2022/09/26 14:29:23.865,IQ0.4454169;
M,2022/09/26 14:29:23.868,SR17808;
M,2022/09/26 14:29:23.875,IQ0.4271121;
M,2022/09/26 14:29:23.881,IQ0.4088073;
M,2022/09/26 14:29:23.885,IQ0.4332137;
M,2022/09/26 14:29:23.891,IQ0.4149089;
M,2022/09/26 14:29:23.896,IQ0.4454169;
M,2022/09/26 14:29:23.901,IQ0.4271121;
S,2022/09/26 14:29:23.096,?TC=0.4576201;
S,2022/09/26 14:29:23.729,??TC=0.4332137;
S,2022/09/26 14:29:23.736,TC=0.4332137;
S,2022/09/26 14:29:23.745,TC=0.4027057;
S,2022/09/26 14:29:23.752,TC=0.4210105;
S,2022/09/26 14:29:23.759,TC=0.4210105;
S,2022/09/26 14:29:23.765,TC=0.4271121;
S,2022/09/26 14:29:23.771,TC=0.4271121;
S,2022/09/26 14:29:23.777,TC=0.4454169;
S,2022/09/26 14:29:23.783,TC=0.4515185;
S,2022/09/26 14:29:23.789,TC=0.4515185;
S,2022/09/26 14:29:23.795,TC=0.4210105;
S,2022/09/26 14:29:23.803,TC=0.4210105;
S,2022/09/26 14:29:23.811,TC=0.4271121;
S,2022/09/26 14:29:23.818,TC=0.4271121;
S,2022/09/26 14:29:23.824,TC=0.4271121;
S,2022/09/26 14:29:23.830,TC=0.3966041;
S,2022/09/26 14:29:23.836,TC=0.3966041;
S,2022/09/26 14:29:23.841,TC=0.4149089;
S,2022/09/26 14:29:23.849,TC=0.4393153;
S,2022/09/26 14:29:23.854,TC=0.4393153;
S,2022/09/26 14:29:23.861,TC=0.4149089;
S,2022/09/26 14:29:23.866,TC=0.4149089;
S,2022/09/26 14:29:23.872,TC=0.4149089;
S,2022/09/26 14:29:23.878,TC=0.4393153;
S,2022/09/26 14:29:23.884,TC=0.4332137;
S,2022/09/26 14:29:23.889,TC=0.4332137;
S,2022/09/26 14:29:23.895,TC=0.4332137;
S,2022/09/26 14:29:23.899,TC=0.4088073;
S,2022/09/26 14:29:23.908,TC=0.4271121;
S,2022/09/26 14:29:23.914,TC=0.4332137;
S,2022/09/26 14:29:23.919,TC=0.4332137;
S,2022/09/26 14:29:23.923,TC=0.4027057;
S,2022/09/26 14:29:23.929,TC=0.4454169;
S,2022/09/26 14:29:23.935,TC=0.4454169;
S,2022/09/26 14:29:23.942,TC=0.4332137;
S,2022/09/26 14:29:23.949,TC=0.4454169;
S,2022/09/26 14:29:23.955,TC=0.4454169;
S,2022/09/26 14:29:23.964,TC=0.4454169;
S,2022/09/26 14:29:23.970,TC=0.4271121;
S,2022/09/26 14:29:23.982,TC=0.4088073;
S,2022/09/26 14:29:23.988,TC=0.4332137;
S,2022/09/26 14:29:23.998,TC=0.4149089;
S,2022/09/26 14:29:24.004,TC=0.4149089;
S,2022/09/26 14:29:24.013,TC=0.4454169;
S,2022/09/26 14:29:24.021,TC=0.4271121;
S,2022/09/26 14:29:24.030,TC=0.4149089;
S,2022/09/26 14:29:24.037,TC=0.4149089;
S,2022/09/26 14:29:24.043,TC=0.4149089;
S,2022/09/26 14:29:24.048,TC=0.4210105;
M,2022/09/26 14:29:23.907,IQ0.4149089;
M,2022/09/26 14:29:23.912,IQ0.4149089;
M,2022/09/26 14:29:23.917,IQ0.4210105;
M,2022/09/26 14:29:23.922,IQ0.4149089;
M,2022/09/26 14:29:23.927,IQ0.4210105;
M,2022/09/26 14:29:23.931,IQ0.4210105;
M,2022/09/26 14:29:23.938,IQ0.4332137;
M,2022/09/26 14:29:23.945,IQ0.4210105;
M,2022/09/26 14:29:23.952,IQ0.4210105;
M,2022/09/26 14:29:23.959,IQ0.4332137;
M,2022/09/26 14:29:23.966,IQ0.4271121;
M,2022/09/26 14:29:23.972,IQ0.4149089;
M,2022/09/26 14:29:23.983,IQ0.4454169;
M,2022/09/26 14:29:23.989,IQ0.4393153;
M,2022/09/26 14:29:23.997,IQ0.4271121;
M,2022/09/26 14:29:24.003,IQ0.4637217;
M,2022/09/26 14:29:24.011,IQ0.4515185;
M,2022/09/26 14:29:24.018,IQ0.4393153;
M,2022/09/26 14:29:24.026,IQ0.4271121;
M,2022/09/26 14:29:24.034,IQ0.4271121;
M,2022/09/26 14:29:24.041,IQ0.4698233;
M,2022/09/26 14:29:24.046,IQ0.4332137;
M,2022/09/26 14:29:24.051,IQ0.4332137;
M,2022/09/26 14:29:24.055,IQ0.4454169;
M,2022/09/26 14:29:24.062,IQ0.4332137;
M,2022/09/26 14:29:24.066,IQ0.4332137;
M,2022/09/26 14:29:24.070,IQ0.4393153;
M,2022/09/26 14:29:24.074,IQ0.4393153;
M,2022/09/26 14:29:24.078,IQ0.4393153;
M,2022/09/26 14:29:24.082,IQ0.4332137;
M,2022/09/26 14:29:24.086,IQ0.4271121;
M,2022/09/26 14:29:24.092,IQ0.4210105;
M,2022/09/26 14:29:24.097,IQ0.4149089;
M,2022/09/26 14:29:24.102,IQ0.4271121;
M,2022/09/26 14:29:24.105,IQ0.4210105;
M,2022/09/26 14:29:24.112,IQ0.4271121;
M,2022/09/26 14:29:24.116,IQ0.4149089;
M,2022/09/26 14:29:24.119,IQ0.4393153;
M,2022/09/26 14:29:24.123,IQ0.4149089;
M,2022/09/26 14:29:24.127,IQ0.4637217;
M,2022/09/26 14:29:24.132,IQ0.4088073;
M,2022/09/26 14:29:24.133,IQ0.4454169;
M,2022/09/26 14:29:24.134,SR17808;
M,2022/09/26 14:29:24.136,IQ0.4332137;
M,2022/09/26 14:29:24.137,IQ0.4332137;
M,2022/09/26 14:29:24.139,IQ0.4576201;
M,2022/09/26 14:29:24.142,IQ0.4332137;
M,2022/09/26 14:29:24.145,IQ0.4515185;
M,2022/09/26 14:29:24.146,IQ0.4515185;
M,2022/09/26 14:29:24.148,IQ0.4210105;
S,2022/09/26 14:29:24.054,TC=0.4149089;
S,2022/09/26 14:29:24.059,TC=0.4210105;
S,2022/09/26 14:29:24.065,TC=0.4210105;
S,2022/09/26 14:29:24.069,TC=0.4210105;
S,2022/09/26 14:29:24.073,TC=0.4332137;
S,2022/09/26 14:29:24.079,TC=0.4210105;
S,2022/09/26 14:29:24.083,TC=0.4210105;
S,2022/09/26 14:29:24.087,TC=0.4210105;
S,2022/09/26 14:29:24.093,TC=0.4210105;
S,2022/09/26 14:29:24.099,TC=0.4332137;
S,2022/09/26 14:29:24.104,TC=0.4271121;
S,2022/09/26 14:29:24.111,TC=0.4271121;
S,2022/09/26 14:29:24.115,TC=0.4149089;
S,2022/09/26 14:29:24.118,TC=0.4149089;
S,2022/09/26 14:29:24.122,TC=0.4454169;
S,2022/09/26 14:29:24.126,TC=0.4393153;
S,2022/09/26 14:29:24.131,TC=0.4393153;
S,2022/09/26 14:29:24.133,TC=0.4271121;
S,2022/09/26 14:29:24.135,TC=0.4637217;
S,2022/09/26 14:29:24.136,TC=0.4637217;
S,2022/09/26 14:29:24.138,TC=0.4515185;
S,2022/09/26 14:29:24.140,TC=0.4393153;
S,2022/09/26 14:29:24.144,TC=0.4393153;
S,2022/09/26 14:29:24.146,TC=0.4271121;
S,2022/09/26 14:29:24.147,TC=0.4271121;
S,2022/09/26 14:29:24.149,TC=0.4271121;
S,2022/09/26 14:29:24.151,TC=0.4698233;
S,2022/09/26 14:29:24.152,TC=0.4698233;
S,2022/09/26 14:29:24.153,TC=0.4332137;
S,2022/09/26 14:29:24.155,TC=0.4332137;
S,2022/09/26 14:29:24.156,TC=0.4454169;
S,2022/09/26 14:29:24.160,TC=0.4454169;
S,2022/09/26 14:29:24.162,TC=0.4332137;
S,2022/09/26 14:29:24.163,TC=0.4332137;
S,2022/09/26 14:29:24.165,TC=0.4393153;
S,2022/09/26 14:29:24.166,TC=0.4393153;
S,2022/09/26 14:29:24.167,TC=0.4393153;
S,2022/09/26 14:29:24.169,TC=0.4332137;
S,2022/09/26 14:29:24.170,TC=0.4332137;
S,2022/09/26 14:29:24.172,TC=0.4271121;
S,2022/09/26 14:29:24.176,TC=0.4210105;
S,2022/09/26 14:29:24.178,TC=0.4149089;
S,2022/09/26 14:29:24.179,TC=0.4271121;
S,2022/09/26 14:29:24.181,TC=0.4210105;
S,2022/09/26 14:29:24.182,TC=0.4271121;
S,2022/09/26 14:29:24.184,TC=0.4149089;
S,2022/09/26 14:29:24.185,TC=0.4393153;
S,2022/09/26 14:29:24.187,TC=0.4149089;
S,2022/09/26 14:29:24.188,TC=0.4637217;
S,2022/09/26 14:29:24.190,TC=0.4088073;
M,2022/09/26 14:29:24.149,IQ0.4149089;
M,2022/09/26 14:29:24.151,IQ0.4210105;
M,2022/09/26 14:29:24.152,IQ0.4576201;
M,2022/09/26 14:29:24.153,IQ0.4332137;
M,2022/09/26 14:29:24.154,IQ0.4698233;
M,2022/09/26 14:29:24.156,IQ0.4271121;
M,2022/09/26 14:29:24.159,IQ0.4332137;
M,2022/09/26 14:29:24.161,IQ0.4271121;
M,2022/09/26 14:29:24.163,IQ0.4393153;
M,2022/09/26 14:29:24.164,IQ0.3966041;
M,2022/09/26 14:29:24.165,IQ0.4027057;
M,2022/09/26 14:29:24.167,IQ0.4210105;
M,2022/09/26 14:29:24.168,IQ0.4454169;
M,2022/09/26 14:29:24.169,IQ0.4454169;
M,2022/09/26 14:29:24.171,IQ0.4149089;
M,2022/09/26 14:29:24.173,IQ0.4454169;
M,2022/09/26 14:29:24.176,IQ0.4271121;
M,2022/09/26 14:29:24.177,IQ0.4515185;
M,2022/09/26 14:29:24.179,IQ0.4393153;
M,2022/09/26 14:29:24.180,IQ0.4149089;
M,2022/09/26 14:29:24.182,IQ0.4271121;
M,2022/09/26 14:29:24.183,IQ0.4271121;
M,2022/09/26 14:29:24.184,IQ0.4576201;
M,2022/09/26 14:29:24.186,IQ0.4210105;
M,2022/09/26 14:29:24.187,IQ0.4332137;
M,2022/09/26 14:29:24.189,IQ0.4271121;
M,2022/09/26 14:29:24.192,IQ0.3966041;
M,2022/09/26 14:29:24.195,IQ0.4149089;
M,2022/09/26 14:29:24.196,IQ0.4332137;
M,2022/09/26 14:29:24.197,IQ0.4088073;
M,2022/09/26 14:29:24.198,IQ0.4393153;
M,2022/09/26 14:29:24.200,IQ0.4271121;
M,2022/09/26 14:29:24.201,IQ0.4210105;
M,2022/09/26 14:29:24.203,IQ0.4332137;
M,2022/09/26 14:29:24.204,IQ0.4210105;
M,2022/09/26 14:29:24.206,IQ0.4271121;
M,2022/09/26 14:29:24.209,IQ0.4088073;
M,2022/09/26 14:29:24.212,IQ0.4210105;
M,2022/09/26 14:29:24.213,IQ0.4210105;
M,2022/09/26 14:29:24.215,IQ0.4149089;
M,2022/09/26 14:29:24.217,IQ0.3966041;
M,2022/09/26 14:29:24.218,SR17808;
M,2022/09/26 14:29:24.219,IQ0.4149089;
M,2022/09/26 14:29:24.221,IQ0.4393153;
M,2022/09/26 14:29:24.223,IQ0.4149089;
M,2022/09/26 14:29:24.228,IQ0.4454169;
M,2022/09/26 14:29:24.229,IQ0.4393153;
M,2022/09/26 14:29:24.231,IQ0.4088073;
M,2022/09/26 14:29:24.233,IQ0.4210105;
M,2022/09/26 14:29:24.234,IQ0.4515185;
S,2022/09/26 14:29:24.194,TC=0.4454169;
S,2022/09/26 14:29:24.196,TC=0.4332137;
S,2022/09/26 14:29:24.197,TC=0.4576201;
S,2022/09/26 14:29:24.198,TC=0.4332137;
S,2022/09/26 14:29:24.200,TC=0.4515185;
S,2022/09/26 14:29:24.202,TC=0.4149089;
S,2022/09/26 14:29:24.203,TC=0.4210105;
S,2022/09/26 14:29:24.205,TC=0.4698233;
S,2022/09/26 14:29:24.207,TC=0.4271121;
S,2022/09/26 14:29:24.211,TC=0.4271121;
S,2022/09/26 14:29:24.213,TC=0.3966041;
S,2022/09/26 14:29:24.214,TC=0.4210105;
S,2022/09/26 14:29:24.216,TC=0.4454169;
S,2022/09/26 14:29:24.218,TC=0.4149089;
S,2022/09/26 14:29:24.220,TC=0.4271121;
S,2022/09/26 14:29:24.222,TC=0.4393153;
S,2022/09/26 14:29:24.225,TC=0.4271121;
S,2022/09/26 14:29:24.228,TC=0.4576201;
S,2022/09/26 14:29:24.230,TC=0.4332137;
S,2022/09/26 14:29:24.232,TC=0.3966041;
S,2022/09/26 14:29:24.233,TC=0.4332137;
S,2022/09/26 14:29:24.236,TC=0.4393153;
S,2022/09/26 14:29:24.238,TC=0.4210105;
S,2022/09/26 14:29:24.244,TC=0.4210105;
S,2022/09/26 14:29:24.246,TC=0.4271121;
S,2022/09/26 14:29:24.248,TC=0.4210105;
S,2022/09/26 14:29:24.249,TC=0.4149089;
S,2022/09/26 14:29:24.251,TC=0.3966041;
S,2022/09/26 14:29:24.252,TC=0.4393153;
S,2022/09/26 14:29:24.255,TC=0.4149089;
S,2022/09/26 14:29:24.256,TC=0.4393153;
S,2022/09/26 14:29:24.259,TC=0.4088073;
S,2022/09/26 14:29:24.262,TC=0.4515185;
S,2022/09/26 14:29:24.264,TC=0.4271121;
S,2022/09/26 14:29:24.266,TC=0.4088073;
S,2022/09/26 14:29:24.268,TC=0.4454169;
S,2022/09/26 14:29:24.270,TC=0.4271121;
S,2022/09/26 14:29:24.272,TC=0.4454169;
S,2022/09/26 14:29:24.274,TC=0.4088073;
S,2022/09/26 14:29:24.277,TC=0.4332137;
S,2022/09/26 14:29:24.278,TC=0.4210105;
S,2022/09/26 14:29:24.280,TC=0.4271121;
S,2022/09/26 14:29:24.282,TC=0.4454169;
S,2022/09/26 14:29:24.283,TC=0.4149089;
S,2022/09/26 14:29:24.285,TC=0.4393153;
S,2022/09/26 14:29:24.286,TC=0.4454169;
S,2022/09/26 14:29:24.295,TC=0.4454169;
S,2022/09/26 14:29:24.310,TC=0.4088073;
S,2022/09/26 14:29:24.325,TC=0.4637217;
S,2022/09/26 14:29:24.648,?TC=0.4454169;
M,2022/09/26 14:29:24.237,IQ0.4271121;
M,2022/09/26 14:29:24.239,IQ0.4332137;
M,2022/09/26 14:29:24.245,IQ0.4088073;
M,2022/09/26 14:29:24.246,IQ0.4454169;
M,2022/09/26 14:29:24.247,IQ0.4454169;
M,2022/09/26 14:29:24.249,IQ0.4149089;
M,2022/09/26 14:29:24.250,IQ0.4271121;
M,2022/09/26 14:29:24.252,IQ0.4454169;
M,2022/09/26 14:29:24.254,IQ0.4759249;
M,2022/09/26 14:29:24.255,IQ0.4088073;
M,2022/09/26 14:29:24.259,IQ0.4332137;
M,2022/09/26 14:29:24.261,IQ0.4515185;
M,2022/09/26 14:29:24.263,IQ0.4210105;
M,2022/09/26 14:29:24.265,IQ0.4027057;
M,2022/09/26 14:29:24.266,IQ0.4271121;
M,2022/09/26 14:29:24.269,IQ0.4454169;
M,2022/09/26 14:29:24.270,IQ0.4454169;
M,2022/09/26 14:29:24.272,IQ0.4271121;
M,2022/09/26 14:29:24.273,IQ0.4149089;
M,2022/09/26 14:29:24.276,IQ0.4393153;
M,2022/09/26 14:29:24.278,IQ0.4454169;
M,2022/09/26 14:29:24.280,IQ0.4454169;
M,2022/09/26 14:29:24.281,IQ0.4088073;
M,2022/09/26 14:29:24.283,IQ0.4027057;
M,2022/09/26 14:29:24.284,IQ0.4454169;
M,2022/09/26 14:29:24.285,IQ0.4393153;
M,2022/09/26 14:29:24.294,IQ0.4088073;
M,2022/09/26 14:29:24.308,IQ0.4637217;
M,2022/09/26 14:29:24.323,IQ0.4454169;
M,2022/09/26 14:29:24.643,IQ0.4637217;
M,2022/09/26 14:29:24.653,IQ0.4210105;
M,2022/09/26 14:29:24.660,IQ0.4515185;
M,2022/09/26 14:29:24.666,IQ0.3782993;
M,2022/09/26 14:29:24.671,IQ0.4332137;
M,2022/09/26 14:29:24.677,IQ0.4149089;
M,2022/09/26 14:29:24.682,IQ0.4393153;
M,2022/09/26 14:29:24.688,IQ0.4637217;
M,2022/09/26 14:29:24.694,IQ0.4576201;
M,2022/09/26 14:29:24.699,IQ0.4576201;
M,2022/09/26 14:29:24.705,IQ0.4210105;
M,2022/09/26 14:29:24.710,SR17808;
M,2022/09/26 14:29:24.716,IQ0.4088073;
M,2022/09/26 14:29:24.720,IQ0.4393153;
M,2022/09/26 14:29:24.727,IQ0.4210105;
M,2022/09/26 14:29:24.732,IQ0.4210105;
M,2022/09/26 14:29:24.736,IQ0.4454169;
M,2022/09/26 14:29:24.739,IQ0.4515185;
M,2022/09/26 14:29:24.743,IQ0.4454169;
M,2022/09/26 14:29:24.747,IQ0.4210105;
M,2022/09/26 14:29:24.750,IQ0.4759249;
S,2022/09/26 14:29:24.660,TC=0.4637217;
S,2022/09/26 14:29:24.666,TC=0.4637217;
S,2022/09/26 14:29:24.673,TC=0.4210105;
S,2022/09/26 14:29:24.679,TC=0.4515185;
S,2022/09/26 14:29:24.684,TC=0.4515185;
S,2022/09/26 14:29:24.690,TC=0.3782993;
S,2022/09/26 14:29:24.696,TC=0.3782993;
S,2022/09/26 14:29:24.703,TC=0.4332137;
S,2022/09/26 14:29:24.710,TC=0.4149089;
S,2022/09/26 14:29:24.716,TC=0.4393153;
S,2022/09/26 14:29:24.722,TC=0.4637217;
S,2022/09/26 14:29:24.728,TC=0.4637217;
S,2022/09/26 14:29:24.733,TC=0.4576201;
S,2022/09/26 14:29:24.737,TC=0.4576201;
S,2022/09/26 14:29:24.741,TC=0.4576201;
S,2022/09/26 14:29:24.745,TC=0.4210105;
S,2022/09/26 14:29:24.749,TC=0.4210105;
S,2022/09/26 14:29:24.753,TC=0.4088073;
S,2022/09/26 14:29:24.757,TC=0.4393153;
S,2022/09/26 14:29:24.761,TC=0.4393153;
S,2022/09/26 14:29:24.764,TC=0.4210105;
S,2022/09/26 14:29:24.768,TC=0.4210105;
S,2022/09/26 14:29:24.771,TC=0.4454169;
S,2022/09/26 14:29:24.776,TC=0.4515185;
S,2022/09/26 14:29:24.779,TC=0.4454169;
S,2022/09/26 14:29:24.782,TC=0.4210105;
S,2022/09/26 14:29:24.787,TC=0.4759249;
S,2022/09/26 14:29:24.789,TC=0.4088073;
S,2022/09/26 14:29:24.793,TC=0.4271121;
S,2022/09/26 14:29:24.797,TC=0.4149089;
S,2022/09/26 14:29:24.800,TC=0.4454169;
S,2022/09/26 14:29:24.804,TC=0.4088073;
S,2022/09/26 14:29:24.809,TC=0.4271121;
S,2022/09/26 14:29:24.813,TC=0.4271121;
S,2022/09/26 14:29:24.816,TC=0.4149089;
S,2022/09/26 14:29:24.821,TC=0.4271121;
S,2022/09/26 14:29:24.826,TC=0.4210105;
S,2022/09/26 14:29:24.830,TC=0.4454169;
S,2022/09/26 14:29:24.834,TC=0.4271121;
S,2022/09/26 14:29:24.838,TC=0.4149089;
S,2022/09/26 14:29:24.842,TC=0.4576201;
S,2022/09/26 14:29:24.845,TC=0.4637217;
S,2022/09/26 14:29:24.849,TC=0.4027057;
S,2022/09/26 14:29:24.854,TC=0.4027057;
S,2022/09/26 14:29:24.861,TC=0.4271121;
S,2022/09/26 14:29:24.866,TC=0.4393153;
S,2022/09/26 14:29:24.877,TC=0.4515185;
S,2022/09/26 14:29:24.882,TC=0.4515185;
S,2022/09/26 14:29:24.885,TC=0.4454169;
S,2022/09/26 14:29:24.888,TC=0.4332137;
M,2022/09/26 14:29:24.754,IQ0.4088073;
M,2022/09/26 14:29:24.758,IQ0.4271121;
M,2022/09/26 14:29:24.762,IQ0.4149089;
M,2022/09/26 14:29:24.764,IQ0.4454169;
M,2022/09/26 14:29:24.768,IQ0.4088073;
M,2022/09/26 14:29:24.771,IQ0.4271121;
M,2022/09/26 14:29:24.776,IQ0.4149089;
M,2022/09/26 14:29:24.779,IQ0.4088073;
M,2022/09/26 14:29:24.781,IQ0.4271121;
M,2022/09/26 14:29:24.785,IQ0.4210105;
M,2022/09/26 14:29:24.788,IQ0.4454169;
M,2022/09/26 14:29:24.791,IQ0.4271121;
M,2022/09/26 14:29:24.795,IQ0.4149089;
M,2022/09/26 14:29:24.798,IQ0.4576201;
M,2022/09/26 14:29:24.802,IQ0.4637217;
M,2022/09/26 14:29:24.805,IQ0.4027057;
M,2022/09/26 14:29:24.810,IQ0.4271121;
M,2022/09/26 14:29:24.814,IQ0.4393153;
M,2022/09/26 14:29:24.817,IQ0.4393153;
M,2022/09/26 14:29:24.820,IQ0.4515185;
M,2022/09/26 14:29:24.826,IQ0.4454169;
M,2022/09/26 14:29:24.829,IQ0.4332137;
M,2022/09/26 14:29:24.833,IQ0.4576201;
M,2022/09/26 14:29:24.836,IQ0.4515185;
M,2022/09/26 14:29:24.840,IQ0.4088073;
M,2022/09/26 14:29:24.844,IQ0.4332137;
M,2022/09/26 14:29:24.847,IQ0.4454169;
M,2022/09/26 14:29:24.851,IQ0.4271121;
M,2022/09/26 14:29:24.856,IQ0.4088073;
M,2022/09/26 14:29:24.862,IQ0.4271121;
M,2022/09/26 14:29:24.867,IQ0.4149089;
M,2022/09/26 14:29:24.879,IQ0.4027057;
M,2022/09/26 14:29:24.882,IQ0.4149089;
M,2022/09/26 14:29:24.885,IQ0.4271121;
M,2022/09/26 14:29:24.888,IQ0.4637217;
M,2022/09/26 14:29:24.894,IQ0.4271121;
M,2022/09/26 14:29:24.896,IQ0.4454169;
M,2022/09/26 14:29:24.898,IQ0.4210105;
M,2022/09/26 14:29:24.901,IQ0.4210105;
M,2022/09/26 14:29:24.903,SR17808;
M,2022/09/26 14:29:24.906,IQ0.4637217;
M,2022/09/26 14:29:24.911,IQ0.4027057;
M,2022/09/26 14:29:24.913,IQ0.4515185;
M,2022/09/26 14:29:24.914,IQ0.4576201;
M,2022/09/26 14:29:24.916,IQ0.4210105;
M,2022/09/26 14:29:24.918,IQ0.4515185;
M,2022/09/26 14:29:24.920,IQ0.4576201;
M,2022/09/26 14:29:24.922,IQ0.3966041;
M,2022/09/26 14:29:24.925,IQ0.4088073;
M,2022/09/26 14:29:24.927,IQ0.4027057;
S,2022/09/26 14:29:24.894,TC=0.4576201;
S,2022/09/26 14:29:24.897,TC=0.4515185;
S,2022/09/26 14:29:24.899,TC=0.4088073;
S,2022/09/26 14:29:24.902,TC=0.4332137;
S,2022/09/26 14:29:24.905,TC=0.4454169;
S,2022/09/26 14:29:24.911,TC=0.4271121;
S,2022/09/26 14:29:24.913,TC=0.4271121;
S,2022/09/26 14:29:24.914,TC=0.4088073;
S,2022/09/26 14:29:24.916,TC=0.4271121;
S,2022/09/26 14:29:24.919,TC=0.4149089;
S,2022/09/26 14:29:24.921,TC=0.4027057;
S,2022/09/26 14:29:24.922,TC=0.4149089;
S,2022/09/26 14:29:24.925,TC=0.4271121;
S,2022/09/26 14:29:24.929,TC=0.4637217;
S,2022/09/26 14:29:24.930,TC=0.4271121;
S,2022/09/26 14:29:24.931,TC=0.4454169;
S,2022/09/26 14:29:24.932,TC=0.4210105;
S,2022/09/26 14:29:24.934,TC=0.4210105;
S,2022/09/26 14:29:24.935,TC=0.4637217;
